$ 1 0.000005 10.20027730826997 56 5 43
R 128 192 128 128 0 0 40 5 0 0 0.5
s 128 192 240 192 0 1 false
s 128 336 240 336 0 1 false
r 240 336 240 272 0 1000
R 240 272 240 224 0 0 40 5 0 0 0.5
g 128 336 128 384 0
d 240 192 368 192 2 1N5711
I 240 336 240 448 0 0.5 5
w 240 448 240 560 0
R 128 496 128 432 0 0 40 5 0 0 0.5
s 128 496 240 496 0 1 false
w 240 496 368 496 0
f 384 544 384 496 41 1.5 0.02
w 240 560 384 560 0
w 384 560 384 544 0
r 384 560 384 624 0 10000
g 384 624 384 656 0
d 400 496 400 192 2 default
w 368 192 400 192 0
w 400 192 464 192 0
r 464 192 560 192 0 1000
g 560 192 560 240 0
x 30 496 106 499 4 24 Battery
x 48 193 97 196 4 24 USB
x -6 333 112 336 4 24 USB\sID\spin
o 17 64 0 4098 0.0000762939453125 0.1 0 2 17 3
o 6 64 0 4098 0.0000762939453125 0.1 1 2 6 3
